14 100 950
14 500 950
14 800 710 
14 1620 830
99 920 710 1500 3000
99 1000 710 1500 3000
99 1080 710 1500 3000
106 1020 600 90
104 1340 710 150
0 1300 600
0 1350 600
0 1400 600
77 1750 950
99 1885 950 3000 0
99 1965 950 3000 0
99 2045 950 3000 0
99 2125 950 3000 0
99 2205 950 3000 0
99 2285 950 3000 0
99 2365 950 3000 0
99 2445 950 3000 0
99 2525 950 3000 0
99 2605 950 3000 0
0 1900 900
0 1980 900
0 2060 900
0 2140 900
0 2220 900
0 2300 900
0 2380 900
0 2460 900
0 2540 900 
0 2620 900
96 2715 1150
96 2775 1150
100 2760 810 0
103 3030 800 0
10 500 800