90 300 300
90 500 550
90 300 800
90 500 1050
90 300 1300
90 600 1550
90 300 1800
90 500 2050
90 200 2300
90 500 2550
90 300 2800
90 500 3050
90 700 3300
39 710 3200
90 1000 3400
90 1200 3300
90 1400 3200
90 1600 3100
90 1400 3000
90 1200 2900
90 1400 2800
90 1600 2700
90 1800 2600
90 1600 2500
90 1400 2400
90 1300 2350
90 1200 2300
90 1300 2175
90 1400 2050
90 1500 1925
90 1600 1800
90 1500 1675
90 1400 1550
90 1300 1425
90 1200 1300
90 1400 1200
90 1600 1100
90 1800 1000
90 1600 900
90 1500 800
90 1600 700
90 1500 600
90 1400 500
90 1300 400
10 1300 350
90 1600 400
39 1850 200
77 2050 500

98 -15 3550
98 108 3550
98 231 3550
98 354 3550
98 477 3550
98 600 3550
98 723 3550
98 846 3550
98 969 3550
98 1092 3550
98 1215 3550
98 1338 3550
98 1461 3550
98 1584 3550
98 1707 3550
98 1830 3550
98 1953 3550
98 2310 3550
98 3105 3550
98 3228 3550
98 3351 3550
98 3474 3550
98 3579 3550
98 3720 3550
98 3843 3550