104 790 670 90
12 10 980
15 200 970
18 90 995
7 60 500
0 20 550
0 70 550
0 44 500
6 1020 915
5 1005 920
5 1100 920
8 1130 920
9 1060 870
4 2625 260
4 2770 260
4 2850 260
1 2800 790
11 2865 960
0 2850 790
0 2900 790
0 2950 790
0 3000 790
0 3050 790
2 2300 820
6 2465 995
5 2440 1000
5 2490 1000
17 2290 955
15 2630 930
5 2880 960
6 2620 955
6 2590 955
5 2600 960
5 2580 960
5 2615 960
5 2555 960
12 450 420
6 405 435
5 430 440
5 207 640
9 175 590
6 235 635
1 660 512
5 805 680
0 700 620
0 700 670
0 870 620
0 870 670
2 445 900
3 535 1020
4 660 900
0 794 860
0 770 910
0 820 910
0 1355 940
0 1455 900
0 1555 940
0 1655 900
0 1755 940
// // // 100 1050 650 0
// // // 100 2800 570 0
99 1565 990 1000 2000
99 3205 950 2600 3400
99 3405 830 2400 3600
99 3405 590 1800 3000
99 3205 470 2000 2800
102 3090 0 1200
102 3290 100 1100
102 3490 200 1000
102 1410 200 1000
102 1690 400 1000
96 875 1155
96 935 1155
98 310 1155
98 1350 1155
98 1490 1155
98 1630 1155
98 3065 1155
98 3215 1155
98 3365 1155
98 3515 1155
103 650 170 0
39 3420 35
0  3420 115
104 400 430 100
104 1080 910 60
104 2940 950 80
105 2785 980
105 2725 980
105 2505 980
105 2445 980
104 2850 270 100
104 2750 270 150
0 2600 210
0 2670 170
0 2740 210
0 2810 170
0 2880 210
0 2950 170
106 500 620 150
106 1100 440 100
106 2130 310 160
4 2700 265
4 2910 265
0 1500 200
0 1650 200
0 1350 200
0 1800 200
0 320 350
0 370 350
0 420 350
0 470 350
0 520 350
0 2015 820
0 2185 860
0 3520 740
99 2000 830 1500 2000
99 2170 870 1000 2000
16 3200 210
6 1240 995
5 1260 1000
106 2600 780 200
14 1300 990
7 1210 940
6 920 475
5 950 480
16 920 450
10 3300 100